0. 0.000000 15
0. 0.000000 15
0. 1. 15
0. 0.333333 15
0. 0.000000 15
0. 1. 15
0. 0.666667 15
0. 0.000000 15
0. 1. 15
0. 1.000000 15
0. 0.000000 15
0. 1. 15
0. 0.000000 15
0. 0.333333 15
0. 1. 15
0. 0.333333 15
0. 0.333333 15
0. 1. 15
0. 0.666667 15
0. 0.333333 15
0. 1. 15
0. 1.000000 15
0. 0.333333 15
0. 1. 15
0. 0.000000 15
0. 0.666667 15
0. 1. 15
0. 0.333333 15
0. 0.666667 15
0. 1. 15
0. 0.666667 15
0. 0.666667 15
0. 1. 15
0. 1.000000 15
0. 0.666667 15
0. 1. 15
0. 0.000000 15
0. 1.000000 15
0. 1. 15
0. 0.333333 15
0. 1.000000 15
0. 1. 15
0. 0.666667 15
0. 1.000000 15
0. 1. 15
0. 1.000000 15
0. 1.000000 15
0. 1. 15
0. 0.5 15
0. 0.5 15
0. 0. 15
